1418446057.128770125 30
1418446165.723415971 33
1418446264.360424233 36
1418446363.089092578 39
1418446461.561426715 42
1418446560.063056352 45
1418446658.860214322 48
1418446757.522680417 51
1418446856.211626929 54
1418446954.723695899 57
1418447053.383562702 60
1418447151.972917339 63
1418447250.402204434 66
1418447349.154103987 69
1418447448.364040749 72
1418447547.319030928 75
1418447645.913236148 78
1418447744.781054910 81
1418447843.554890880 84
1418447942.600822600 87
1418448041.464888820 90
1418448140.292546373 93
1418448239.053362968 96
1418448337.529606189 99
1418448436.305143242 102
1418448535.002709712 105
1418448633.791417974 108
1418448732.750973194 111
1418448832.102314581 114
1418448930.324216718 117
1418449029.367761979 120
1418449128.301334866 123
1418449128.324643199 0
