1418422530.441137904 30
1418422638.563257917 33
1418422737.089035803 36
1418422835.712569440 39
1418422934.073839827 42
1418423032.709687255 45
1418423131.369654809 48
1418423229.813669945 51
1418423328.593915291 54
1418423427.347426677 57
1418423525.778837564 60
1418423624.497896826 63
1418423723.279010046 66
1418423821.914375683 69
1418423920.821520486 72
1418424019.612853706 75
1418424118.508035426 78
1418424217.490611480 81
1418424316.388103575 84
1418424415.061603587 87
1418424513.792037265 90
1418424612.787928402 93
1418424711.522643705 96
1418424810.153769301 99
1418424908.909537729 102
1418425007.721775116 105
1418425106.561176253 108
1418425205.534211514 111
1418425205.549376389 0
