1418270417.253377062 30
1418270525.853491575 33
1418270624.639167212 36
1418270722.962373807 39
1418270821.322041027 42
1418270919.948054455 45
1418271018.382344884 48
1418271116.951504271 51
1418271215.445553074 54
1418271313.998636461 57
1418271412.529462597 60
1418271511.073947734 63
1418271609.526186538 66
1418271708.149720633 69
1418271806.774768353 72
1418271905.440031031 75
1418272003.995550585 78
1418272103.391170555 81
1418272201.930192858 84
1418272300.839460787 87
1418272399.624517507 90
1418272498.485410560 93
1418272597.250015155 96
1418272695.854486750 99
1418272794.539859054 102
1418272893.303105649 105
1418272992.137064244 108
1418273091.043529339 111
1418273189.429977309 114
1418273287.992936529 117
1418273386.633884124 120
1418273386.648077208 0
