1418278186.621159780 30
1418278295.096606960 33
1418278393.548473888 36
1418278492.088119150 39
1418278590.586348578 42
1418278689.192466340 45
1418278787.483731310 48
1418278886.032388697 51
1418278984.412084125 54
1418279082.988489470 57
1418279181.541322149 60
1418279280.394177119 63
1418279378.883332380 66
1418279477.496804559 69
1418279576.310509821 72
1418279675.079938624 75
1418279773.997730469 78
1418279872.641962814 81
1418279971.399697743 84
1418280070.113041046 87
1418280169.395008558 90
1418280267.873196778 93
1418280267.887680653 0
