1418255402.232170397 30
1418255477.804397365 33
1418255543.201116664 36
1418255608.715338672 39
1418255674.255375638 42
1418255739.708496687 45
1418255805.228013195 48
1418255870.682621828 51
1418255936.120782794 54
1418256001.601009344 57
1418256067.180654310 60
1418256132.564709776 63
1418256198.030583742 66
1418256263.465701833 69
1418256328.967188133 72
1418256394.520368807 75
1418256460.147824273 78
1418256656.439336672 87
1418256724.021314805 90
1418256790.863103479 93
1418256857.770486029 96
1418256924.535858079 99
1418256991.738935212 102
1418257058.613781011 105
1418257125.340201894 108
1418257192.392156236 111
1418257259.877637494 114
1418257326.876410668 117
1418257394.034582468 120
1418257394.049803760 0
