1418416874.895324896 30
1418416982.984450367 33
1418417080.967273046 36
1418417179.348701183 39
1418417277.954874944 42
1418417375.888948664 45
1418417474.140890676 48
1418417572.618319521 51
1418417670.962813449 54
1418417769.240656878 57
1418417868.146068765 60
1418417966.834453235 63
1418418064.883325830 66
1418418163.448584008 69
1418418262.330573062 72
1418418360.937840990 75
1418418459.094065418 78
1418418557.632752305 81
1418418656.015976442 84
1418418754.184812870 87
1418418852.649525424 90
1418418951.345648227 93
1418419050.132632031 96
1418419148.454140126 99
1418419246.899639179 102
1418419345.351688107 105
1418419443.698439369 108
1418419542.020628297 111
1418419542.034782089 0
