1418410699.185798327 30
1418410807.818337506 33
1418410906.257290351 36
1418411004.618316738 39
1418411103.070736083 42
1418411201.640297137 45
1418411300.390838940 48
1418411398.960228035 51
1418411497.128290547 54
1418411595.688022934 57
1418411694.430327987 60
1418411793.108757624 63
1418411891.695460927 66
1418411990.430968231 69
1418412089.233200242 72
1418412187.822711504 75
1418412286.693251058 78
1418412385.624223278 81
1418412484.474158290 84
1418412583.375729093 87
1418412682.216092105 90
1418412781.118265908 93
1418412880.002457920 96
1418412978.483824890 99
1418413077.329591402 102
1418413176.103741497 105
1418413274.771277217 108
1418413373.456724937 111
1418413373.464978604 0
