1418309932.823881 029.2
1418309933.273783 029.2
1418309933.723703 029.2
1418309934.173757 029.2
1418309934.623819 029.2
1418309935.073795 029.2
1418309935.523608 029.2
1418309935.973615 029.2
1418309936.424361 029.2
1418309936.873626 029.2
1418309937.323639 029.2
1418309937.773489 029.2
1418309958.023531 029.0
1418309958.473552 029.0
1418309958.923732 029.0
1418309959.373531 029.0
1418309965.223304 029.0
1418309965.673269 029.0
1418309984.572516 028.9
1418309985.022615 028.9
1418309985.472615 028.9
1418309985.922464 028.9
1418309986.372333 028.9
1418309986.822404 028.9
1418309987.272704 028.9
1418309987.722585 028.9
1418309988.172566 028.9
1418309988.622327 028.9
1418309989.072540 028.9
1418309989.522806 028.9
1418309989.972451 028.9
1418309990.422436 028.9
1418309990.872518 028.9
1418309991.322223 028.9
1418309991.772214 028.9
1418309992.222199 028.9
1418309992.672411 028.9
1418309993.122331 028.9
1418309993.572383 028.9
1418309994.022331 028.8
1418309994.472219 028.8
1418309994.922954 028.9
1418309995.372277 028.8
1418309995.822152 028.8
1418309996.272233 028.8
1418309996.722098 028.8
1418310007.521705 028.8
1418310007.971676 028.8
1418310008.421657 028.8
1418310008.871758 028.8
1418310009.321736 028.8
1418310009.771734 028.8
1418310010.221707 028.8
1418310010.671672 028.8
1418310011.121679 028.8
1418310011.571829 028.8
1418310012.021698 028.8
1418310012.471622 028.8
1418310012.921678 028.8
1418310013.371600 028.8
1418310013.821473 028.7
1418310014.271535 028.7
1418310014.721405 028.7
1418310015.171410 028.7
1418310015.621498 028.7
1418310016.071575 028.8
1418310016.521540 028.8
1418310016.971632 028.8
1418310017.421292 028.7
1418310017.871328 028.7
1418310018.322067 028.7
1418310018.771473 028.7
1418310019.221292 028.7
1418310019.671320 028.7
1418310020.121262 028.7
1418310020.571319 028.7
1418310021.021197 028.7
1418310021.471213 028.7
1418310021.921164 028.7
1418310028.220823 028.7
1418310028.670850 028.7
1418310029.120816 028.7
1418310029.570896 028.7
1418310030.021447 028.7
1418310030.470871 028.7
1418310038.570749 028.6
1418310039.020741 028.6
1418310039.470879 028.6
1418310039.920720 028.6
1418310040.370644 028.6
1418310040.820792 028.6
1418310041.270687 028.6
1418310055.219576 029.3
1418310055.669681 029.3
1418310056.119497 029.4
1418310056.569528 029.4
1418310057.019711 029.4
1418310065.569685 030.5
1418310066.019392 030.5
1418310066.469417 030.6
1418310066.919463 030.7
1418310067.369545 030.7
1418310067.819484 030.8
1418310068.269443 030.8
1418310068.719483 030.8
1418310069.169442 030.9
1418310075.469131 031.5
1418310075.919264 031.5
1418310076.369084 031.6
1418310076.819625 031.6
1418310077.268950 031.6
1418310077.719159 031.7
1418310078.169052 031.7
1418310078.619158 031.7
1418310089.419117 032.3
1418310089.868626 032.3
1418310093.468628 032.4
1418310093.918507 032.4
1418310094.368659 032.5
1418310094.818626 032.5
1418310095.269513 032.5
1418310102.918355 032.7
1418310103.368392 032.7
1418310103.818324 032.7
1418310104.268446 032.7
1418310104.718246 032.7
1418310117.317494 032.8
1418310117.767412 032.8
1418310132.167158 032.8
1418310132.616972 032.8
1418310133.066948 032.8
1418310133.517041 032.8
1418310133.967154 032.8
1418310134.416975 032.8
1418310137.116814 032.8
1418310137.566863 032.8
1418310144.316576 033.0
1418310144.766550 033.0
1418310145.216703 033.0
1418310151.516731 033.6
1418310151.966326 033.7
1418310152.416575 033.8
1418310152.866499 033.8
1418310153.316402 033.9
1418310153.766514 034.0
1418310154.216473 034.0
1418310156.466518 034.4
1418310156.916549 034.4
1418310170.865871 036.5
1418310171.315668 036.5
1418310175.815741 037.0
1418310176.265767 037.0
1418310176.715863 037.0
1418310192.015198 037.8
1418310192.465299 037.8
1418310192.915377 037.9
1418310193.365250 037.9
1418310197.415025 037.9
1418310197.865110 038.0
1418310198.314998 038.0
1418310198.765169 038.0
1418310199.215027 038.0
1418310199.665092 038.0
1418310200.115127 038.0
1418310200.565116 038.0
1418310201.015108 038.0
1418310201.464990 038.0
1418310201.914964 038.1
1418310202.365067 038.1
1418310202.815315 038.1
1418310203.265287 038.1
1418310203.715036 038.1
1418310204.165068 038.1
1418310204.615037 038.1
1418310205.515693 038.1
1418310205.964905 038.1
1418310206.414984 038.1
1418310206.864917 038.2
1418310207.314959 038.2
1418310207.765786 038.2
1418310208.214856 038.2
1418310208.664908 038.2
1418310209.114999 038.2
1418310209.565014 038.2
1418310210.014809 038.2
1418310210.465030 038.2
1418310222.614387 038.1
1418310223.064376 038.1
1418310223.514545 038.1
1418310223.964380 038.1
1418310224.414291 038.1
1418310224.864208 038.1
1418310225.314231 038.1
1418310225.764426 038.1
1418310226.214336 038.1
1418310226.664310 038.1
1418310227.114282 038.1
1418310227.564198 038.1
1418310228.014234 038.1
1418310228.464115 038.1
1418310228.914808 038.1
1418310229.364238 038.1
1418310229.814077 038.1
1418310230.264079 038.1
1418310230.714067 038.1
1418310231.164016 038.1
1418310231.613982 038.0
1418310232.064037 038.0
1418310232.513994 038.0
1418310232.963971 038.0
1418310233.414131 038.0
1418310233.863939 038.1
1418310234.313867 038.1
1418310234.764071 038.1
1418310235.213966 038.1
1418310235.663919 038.1
1418310236.113926 038.1
1418310246.013480 038.6
1418310246.463710 038.7
1418310246.913349 038.7
1418310247.363370 038.8
1418310247.813495 038.8
1418310248.263400 038.9
1418310248.713553 038.9
1418310249.163475 039.0
1418310249.613479 039.0
1418310250.063389 039.0
1418310250.513502 039.1
1418310250.963099 039.2
1418310251.413415 039.2
1418310251.863340 039.2
1418310252.313994 039.3
1418310252.763494 039.4
1418310253.213293 039.4
1418310253.663349 039.5
1418310254.113424 039.6
1418310254.563255 039.7
1418310255.013189 039.7
1418310255.463272 039.8
1418310255.913183 039.8
1418310256.367889 039.9
1418310259.963031 040.4
1418310260.412825 040.5
1418310260.862929 040.6
1418310261.312960 040.6
1418310261.762959 040.7
1418310262.213226 040.7
1418310262.662934 040.8
1418310263.112908 040.9
1418310268.962749 041.5
1418310269.412698 041.5
1418310269.862799 041.6
1418310270.312928 041.6
1418310270.762774 041.7
1418310271.212747 041.7
1418310271.666756 041.7
1418310275.262629 042.1
1418310283.362380 042.7
1418310283.812437 042.7
1418310284.262587 042.8
1418310284.712513 042.8
1418310285.162047 042.8
1418310285.612513 042.8
1418310286.062182 042.8
1418310286.512234 042.9
1418310286.962283 042.9
1418310287.412927 042.9
1418310287.862214 042.9
1418310288.312224 043.0
1418310288.762275 043.0
1418310289.212301 043.0
1418310289.662230 043.0
1418310290.112370 043.0
1418310290.562148 043.1
1418310291.012205 043.1
1418310291.462169 043.1
1418310291.912200 043.1
1418310292.362251 043.1
1418310292.812204 043.1
1418310293.265513 043.1
1418310293.712243 043.1
1418310294.161968 043.1
1418310294.612123 043.2
1418310295.062125 043.2
1418310295.512045 043.2
1418310295.962290 043.2
1418310316.661314 043.3
1418310317.111313 043.3
1418310317.561298 043.3
1418310318.011322 043.3
1418310318.461214 043.3
1418310318.911261 043.3
1418310319.361187 043.3
1418310319.811193 043.3
1418310331.960862 043.3
1418310332.410755 043.1
1418310332.860615 043.0
1418310336.010804 043.0
1418310336.460721 043.0
1418310336.910707 043.0
1418310337.360618 043.0
1418310337.810664 043.0
1418310338.260437 043.0
1418310338.710571 043.0
1418310339.160468 043.0
1418310339.610537 043.1
1418310340.060540 043.1
1418310340.510407 043.1
1418310340.960445 043.1
1418310341.410554 043.1
1418310344.560149 043.3
1418310345.010256 043.3
1418310345.460433 043.3
1418310345.910991 043.4
1418310346.360507 043.4
1418310346.810303 043.4
1418310351.759623 043.9
1418310352.209677 044.0
1418310352.659749 044.1
1418310353.109801 044.1
1418310353.559521 044.2
1418310354.009802 044.2
1418310354.459730 044.3
1418310354.909723 044.3
1418310359.409548 044.9
1418310359.859653 044.9
1418310360.309674 045.0
1418310360.762348 045.1
1418310361.209495 045.1
1418310361.659837 045.2
1418310362.109867 045.2
1418310362.559447 045.3
1418310363.009569 045.3
1418310363.459566 045.4
1418310363.909679 045.5
1418310364.359704 045.5
1418310378.309133 046.8
1418310378.759237 046.8
1418310379.211391 046.9
1418310379.658998 046.9
1418310388.208464 047.4
1418310388.658502 047.4
1418310389.108485 047.4
1418310389.558676 047.4
1418310396.758389 047.5
1418310397.208375 047.6
1418310397.658379 047.5
1418310398.108300 047.5
1418310398.558272 047.5
1418310399.008329 047.6
1418310399.458374 047.6
1418310399.908112 047.6
1418310400.358220 047.6
1418310400.808086 047.6
1418310401.258014 047.6
1418310401.708347 047.6
1418310402.158221 047.6
1418310402.608380 047.6
1418310403.058257 047.6
1418310403.507934 047.6
1418310403.958221 047.6
1418310404.408638 047.6
1418310404.858384 047.6
1418310420.157546 047.4
1418310420.607492 047.4
1418310421.057363 047.5
1418310421.507434 047.5
1418310421.957499 047.5
1418310422.407508 047.5
1418310422.857415 047.5
1418310423.307436 047.5
1418310423.757441 047.5
1418310424.207414 047.5
1418310424.657350 047.5
1418310425.107364 047.5
1418310425.557207 047.5
1418310426.007364 047.4
1418310426.457589 047.4
1418310426.907347 047.4
1418310427.357429 047.4
1418310427.808143 047.4
1418310428.257110 047.4
1418310428.707210 047.4
1418310429.157226 047.4
1418310429.607292 047.4
1418310430.057254 047.4
1418310430.507154 047.4
1418310430.957178 047.4
1418310431.407231 047.4
1418310431.857106 047.4
1418310432.306970 047.4
1418310432.757242 047.4
1418310433.206946 047.4
1418310433.656998 047.4
1418310434.107000 047.4
1418310434.557052 047.4
1418310435.007053 047.4
1418310435.457023 047.4
1418310435.907178 047.5
1418310439.956710 047.6
1418310440.406970 047.6
1418310440.857165 047.7
1418310441.306784 047.7
1418310441.756861 047.7
1418310442.207865 047.7
1418310442.656839 047.7
1418310443.106887 047.8
1418310455.256657 049.1
1418310455.706735 049.2
1418310456.156313 049.2
1418310456.606427 049.3
1418310457.056370 049.3
1418310457.506446 049.4
1418310457.956366 049.4
1418310458.406417 049.5
1418310458.856470 049.6
1418310459.306396 049.6
1418310459.756162 049.6
1418310460.206481 049.7
1418310470.106031 050.7
1418310470.556310 050.7
1418310471.006387 050.8
1418310471.456110 050.8
1418310471.906236 050.9
1418310472.356105 050.9
1418310472.806274 050.9
1418310473.256329 051.0
1418310473.705578 051.0
1418310474.155603 051.0
1418310474.606293 051.1
1418310475.055689 051.1
1418310475.505553 051.1
1418310475.955661 051.2
1418310476.405693 051.2
1418310476.855459 051.2
1418310477.305607 051.3
1418310477.758589 051.3
1418310478.205579 051.4
1418310478.655731 051.4
1418310479.105665 051.4
1418310479.555687 051.4
1418310480.005638 051.4
1418310480.455832 051.4
1418310480.905667 051.4
1418310481.355301 051.5
1418310481.805533 051.5
1418310482.255402 051.5
1418310482.705707 051.6
1418310483.155539 051.6
1418310483.605398 051.6
1418310484.055407 051.6
1418310484.505481 051.6
1418310484.955502 051.6
1418310485.405470 051.6
1418310489.005226 051.7
1418310489.455325 051.7
1418310523.653946 051.9
1418310524.103975 051.9
1418310524.554028 051.9
1418310525.003994 051.9
1418310525.453961 051.9
1418310525.903870 051.9
1418310526.353834 051.9
1418310526.803906 051.9
1418310532.203709 051.9
1418310532.653708 051.9
1418310533.104413 051.9
1418310533.553716 052.0
1418310534.003815 052.0
1418310534.453969 052.0
1418310534.903610 052.0
1418310535.353651 052.0
1418310538.953843 052.3
1418310539.403700 052.3
1418310539.853454 052.4
1418310540.303553 052.4
1418310540.753582 052.4
1418310541.203687 052.5
1418310541.653505 052.5
1418310542.103764 052.5
1418310542.553635 052.5
1418310543.003501 052.6
1418310543.453735 052.7
1418310543.903536 052.7
1418310544.353787 052.8
1418310544.803841 052.8
1418310559.203139 054.5
1418310559.653296 054.6
1418310560.102643 054.7
1418310560.552803 054.7
1418310561.003049 054.7
1418310561.452866 054.8
1418310564.602773 055.2
1418310565.052874 055.3
1418310565.502803 055.3
1418310565.952912 055.3
1418310566.402846 055.3
1418310566.852776 055.4
1418310567.303040 055.4
1418310567.752996 055.5
1418310568.203610 055.5
1418310568.652640 055.6
1418310569.102613 055.6
1418310569.552673 055.7
1418310570.002754 055.7
1418310570.452836 055.7
1418310570.902925 055.8
1418310574.052808 056.1
1418310574.502514 056.1
1418310574.952594 056.1
1418310575.402656 056.1
1418310575.852463 056.1
1418310580.352591 056.3
1418310580.802459 056.4
1418310581.252487 056.4
1418310581.702438 056.4
1418310582.152357 056.4
1418310582.602461 056.4
1418310593.401905 056.7
1418310593.851913 056.7
1418310594.301927 056.7
1418310594.751912 056.8
1418310595.202051 056.8
1418310595.652031 056.8
1418310596.101943 056.8
1418310596.551983 056.8
1418310597.001812 056.8
1418310606.001449 056.7
1418310606.451545 056.7
1418310619.500970 056.7
1418310619.950980 056.7
1418310620.401054 056.7
1418310620.850835 056.7
1418310621.301045 056.7
1418310621.751033 056.7
1418310622.201067 056.7
1418310622.651029 056.7
1418310623.101030 056.7
1418310623.551003 056.7
1418310624.000906 056.7
1418310624.450876 056.7
1418310624.900837 056.7
1418310625.350929 056.6
1418310625.807124 056.6
1418310626.250722 056.6
1418310632.100663 056.6
1418310632.550658 056.6
1418310633.000585 056.6
1418310633.450512 056.6
1418310633.900561 056.7
1418310634.353360 056.7
1418310634.800442 056.7
1418310635.250411 056.7
1418310635.700383 056.7
1418310636.150436 056.7
1418310636.600459 056.7
1418310637.050458 056.8
1418310643.350460 057.2
1418310643.800323 057.3
1418310644.250384 057.3
1418310644.700076 057.4
1418310645.150124 057.4
1418310645.600276 057.5
1418310649.650127 058.0
1418310650.102629 058.0
1418310650.550046 058.1
1418310651.000207 058.1
1418310651.450225 058.2
1418310651.900279 058.2
1418310652.350336 058.3
1418310652.799289 058.3
1418310653.249455 058.4
1418310653.699265 058.4
1418310654.149405 058.5
1418310654.599496 058.6
1418310669.449227 059.0
1418310669.899239 060.0
1418310670.349106 060.0
1418310670.799247 060.0
1418310671.249189 060.1
1418310671.699235 060.1
1418310672.148656 060.1
1418310672.598794 060.2
1418310673.048795 060.2
1418310673.499545 060.2
1418310673.948763 060.2
1418310674.398793 060.3
1418310674.848769 060.3
1418310675.298869 060.3
1418310675.749025 060.3
1418310676.198846 060.3
1418310676.648781 060.4
1418310677.098860 060.4
1418310677.548685 060.4
1418310677.998890 060.4
1418310678.448769 060.4
1418310679.798889 060.5
1418310680.248717 060.5
1418310680.698738 060.5
1418310681.148796 060.6
1418310681.598432 060.6
1418310682.048580 060.6
1418310682.498588 060.6
1418310682.948777 060.7
1418310683.398682 060.7
1418310683.848482 060.7
1418310684.298639 060.7
1418310684.748614 060.7
1418310685.199255 060.7
1418310685.648537 060.8
1418310686.098689 060.8
1418310686.548459 060.8
1418310686.998593 060.8
1418310687.448659 060.8
1418310687.898558 060.8
1418310688.348401 060.8
1418310688.798426 060.8
1418310689.248401 060.8
1418310693.748500 060.9
1418310694.198255 060.9
1418310694.648270 060.9
1418310695.098322 061.0
1418310695.548497 061.0
1418310695.998248 060.9
1418310696.448279 061.0
1418310696.898976 061.0
1418310697.348296 061.0
1418310697.798222 061.0
1418310698.248559 061.0
1418310698.698424 061.0
1418310699.147865 061.0
1418310699.597933 061.0
1418310700.048268 061.0
1418310700.497953 061.0
1418310700.947778 061.0
1418310701.397780 061.0
1418310701.848051 061.1
1418310702.297857 061.1
1418310702.747981 061.1
1418310703.197985 061.1
1418310703.647987 061.1
1418310704.097931 061.2
1418310704.547833 061.2
1418310704.997755 061.2
1418310705.447982 061.2
1418310705.897961 061.2
1418310706.347834 061.2
1418310706.797853 061.2
1418310707.247857 061.2
1418310707.697977 061.2
1418310708.147984 061.2
1418310708.598535 061.2
1418310709.048108 061.2
1418310709.497831 061.2
1418310709.951045 061.2
1418310710.397865 061.2
1418310710.847623 061.3
1418310711.297857 061.2
1418310711.747753 061.2
1418310712.197857 061.2
1418310712.647775 061.2
1418310713.097832 061.2
1418310713.547654 061.2
1418310715.797704 061.2
1418310716.247515 061.2
1418310716.697499 061.2
1418310717.147571 061.2
1418310717.597518 061.2
1418310718.047441 061.2
1418310718.497448 061.2
1418310718.947285 061.2
1418310719.397336 061.2
1418310719.847388 061.2
1418310720.297910 061.2
1418310720.747329 061.2
1418310721.197285 061.2
1418310721.647207 061.2
1418310722.097308 061.2
1418310722.547176 061.2
1418310722.997388 061.1
1418310723.447324 061.1
1418310723.897227 061.1
1418310724.347103 061.1
1418310724.797321 061.1
1418310725.247127 061.1
1418310728.397023 061.1
1418310728.847227 061.1
1418310729.297167 061.1
1418310729.747110 061.2
1418310733.347025 061.2
1418310733.797165 061.2
1418310734.246768 061.3
1418310734.696866 061.3
1418310735.147168 061.3
1418310735.596840 061.3
1418310742.346840 061.8
1418310742.796863 061.9
1418310755.846214 063.1
1418310756.296135 063.1
1418310756.746184 063.2
1418310757.196214 063.3
1418310757.646216 063.3
1418310758.096133 063.3
1418310767.096779 064.1
1418310767.545872 064.1
1418310767.996004 064.1
1418310768.445889 064.2
1418310768.895611 064.2
1418310769.345841 064.3
1418310769.795845 064.3
1418310770.245667 064.3
1418310770.695819 064.4
1418310771.145788 064.4
1418310771.595746 064.4
1418310776.995473 064.7
1418310777.445434 064.7
1418310777.895511 064.8
1418310778.345849 064.8
1418310778.796106 064.8
1418310779.245538 064.8
1418310779.695538 064.8
1418310780.145513 064.9
1418310780.595544 064.9
1418310781.045627 064.9
1418310781.495530 064.9
1418310781.945454 064.9
1418310782.395424 064.9
1418310782.845354 065.0
1418310783.295523 065.0
1418310783.745377 065.0
1418310784.195436 065.0
1418310784.645406 065.1
1418310785.095381 065.1
1418310806.694717 065.
1418310818.394260 065.3
1418310818.844363 065.3
1418310819.294179 065.3
1418310819.744310 065.2
1418310820.194208 065.2
1418310820.644250 065.2
1418310821.094182 065.2
1418310821.544109 065.3
1418310821.994256 065.2
1418310832.343686 065.2
1418310832.793788 065.2
1418310833.243761 065.2
1418310833.693791 065.2
1418310834.143860 065.3
1418310834.593779 065.3
1418310835.043711 065.3
1418310835.493684 065.3
1418310835.943737 065.3
1418310836.393663 065.3
1418310836.843815 065.3
1418310837.294317 065.4
1418310837.743692 065.4
1418310838.193715 065.5
1418310838.643735 065.5
1418310839.093616 065.5
1418310839.543665 065.5
1418310839.993708 065.5
1418310840.442948 065.6
1418310840.893111 065.6
1418310841.343078 065.7
1418310841.793193 065.7
1418310842.243165 065.7
1418310842.693114 065.8
1418310843.143219 065.8
1418310843.593139 065.9
1418310844.043111 065.9
1418310844.493163 065.9
1418310844.943425 066.0
1418310845.393140 066.0
1418310845.842930 066.1
1418310846.292984 066.1
1418310846.743090 066.1
1418310847.193258 066.2
1418310853.942958 066.9
1418310854.393111 066.9
1418310854.842917 067.0
1418310855.293048 067.1
1418310886.343863 067.1
1418310895.791890 069.2
1418310896.241339 069.2
1418310896.691241 069.2
1418310897.142085 069.2
1418310897.591811 069.2
1418310898.041814 069.2
1418310898.491881 069.2
1418310898.941113 069.2
1418310907.940796 069.2
1418310908.390820 069.2
1418310908.840946 069.3
1418310909.290852 069.3
1418310909.740850 069.3
1418310910.190867 069.3
1418310910.640976 069.3
1418310911.090850 069.3
1418310911.540865 069.3
1418310911.990772 069.3
1418310912.440793 069.3
1418310912.890870 069.3
1418310913.340878 069.3
1418310913.790846 069.3
1418310914.240792 069.4
1418310914.690670 069.4
1418310915.140728 069.4
1418310927.740408 069.5
1418310928.190481 069.6
1418310928.640587 069.6
1418310929.090426 069.6
1418310929.540336 069.6
1418310929.990564 069.6
1418310930.440429 069.6
1418310930.890853 069.7
1418310931.340303 069.7
1418310931.790362 069.8
1418310932.240353 069.8
1418310932.690196 069.8
1418310933.140332 069.8
1418310933.590389 069.9
1418310934.040305 069.9
1418310934.490228 070.0
1418310934.940390 070.0
1418310935.390381 070.0
1418310935.840199 070.0
1418310936.290337 070.1
1418310936.740381 070.1
1418310937.190054 070.2
1418310937.640129 070.2
1418310938.090041 070.3
1418310938.540218 070.3
1418310938.990026 070.4
1418310939.440069 070.4
1418310939.890248 070.5
1418310940.342416 070.5
1418310940.790198 070.6
1418310941.239901 070.6
1418310941.689992 070.7
1418310942.140017 070.7
1418310942.590746 070.8
1418310943.040239 070.8
1418310943.490008 070.8
1418310943.940065 070.9
1418310944.390118 070.9
1418310944.840344 071.0
1418310945.290143 071.0
1418310945.740267 071.0
1418310946.189728 071.1
1418310946.639753 071.1
1418310947.089761 071.2
1418310947.539898 071.2
1418310947.989935 071.3
1418310948.439710 071.3
1418310948.889756 071.3
1418310949.339976 071.4
1418310949.789882 071.4
1418310950.239857 071.5
1418310950.689678 071.6
1418310951.139829 071.6
1418310951.589652 071.6
1418310952.039985 071.7
1418310952.489865 071.7
1418310952.939991 071.7
1418310953.390128 071.8
1418310953.839856 071.8
1418310954.290359 071.9
1418310954.739832 071.9
1418310955.189471 072.0
1418310955.639605 072.0
1418310956.089628 072.1
1418310956.539603 072.1
1418310956.989574 072.1
1418310973.638729 073.1
1418310974.088862 073.1
1418310982.188639 073.3
1418310982.638613 073.3
1418310983.088298 073.3
1418310983.538318 073.3
1418310983.988422 073.4
1418310984.442609 073.4
1418310984.888300 073.4
1418310985.343087 073.4
1418310985.788457 073.4
1418310986.238428 073.4
1418310986.688412 073.4
1418310987.138424 073.4
1418310987.588406 073.4
1418310988.038247 073.5
1418310993.888238 073.5
1418310994.339990 073.6
1418311006.487745 073.6
1418311006.938582 073.6
1418311020.437180 073.4
1418311020.887103 073.4
1418311021.337197 073.4
1418311021.787050 073.4
1418311022.237102 073.4
1418311022.687025 073.4
1418311023.137079 073.4
1418311031.237017 073.7
1418311031.686995 073.7
1418311036.187685 074.0
1418311036.636682 074.1
1418311037.086815 074.1
1418311037.536704 074.1
1418311037.986783 074.2
1418311038.436812 074.2
1418311071.735719 075.6
1418311072.185794 075.5
1418311072.635563 075.5
1418311073.085610 075.5
1418311073.535713 075.5
1418311073.985638 075.5
1418311074.435610 075.5
1418311074.885485 075.5
1418311105.034419 073.5
1418311105.484471 073.5
1418311105.934287 073.5
1418311106.384990 073.4
1418311106.834356 073.4
1418311107.284687 073.3
1418311107.734349 073.3
1418311108.184313 073.3
1418311108.634311 073.2
1418311109.084163 073.2
1418311109.534153 073.1
1418311109.984027 073.1
1418311110.434286 073.1
1418311110.884105 073.1
1418311111.334030 073.0
1418311111.784021 073.0
1418311112.234126 073.0
1418311112.684046 072.9
1418311113.133870 072.9
1418311113.584704 072.9
1418311114.034655 072.8
1418311114.484485 072.8
1418311114.934518 072.7
1418311115.384495 072.7
1418311115.837611 072.7
1418311122.584047 072.2
1418311123.034227 072.2
1418311123.484131 072.2
1418311123.933998 072.2
1418311124.383988 072.2
1418311124.834172 072.2
1418311125.284025 072.2
1418311125.734130 072.2
1418311126.184031 072.2
1418311126.634005 072.2
1418311127.083886 072.2
1418311127.533814 072.2
1418311127.983995 072.1
1418311128.433790 072.1
1418311128.883855 072.1
1418311129.333765 072.2
1418311129.784504 072.2
1418311130.233892 072.2
1418311130.684033 072.2
1418311131.133818 072.2
1418311131.583625 072.2
1418311132.033559 072.2
1418311132.483670 072.2
1418311132.933762 072.2
1418311133.383636 072.3
1418311133.833651 072.3
1418311134.283714 072.3
1418311134.733755 072.3
1418311135.183739 072.4
1418311143.282944 072.4
1418311143.732825 072.9
1418311144.182813 072.9
1418311144.632801 073.0
1418311146.882959 073.3
1418311147.333086 073.3
1418311159.032457 074.8
1418311159.482467 074.8
1418311159.932626 074.9
1418311160.382431 074.9
1418311160.832590 075.0
1418311161.282460 075.1
1418311161.732567 075.1
1418311162.182616 075.2
1418311162.632458 075.2
1418311163.082564 075.3
1418311163.532385 075.4
1418311163.982537 075.5
1418311164.432697 075.5
1418311164.883348 075.6
1418311165.332332 075.7
1418311165.782346 075.7
1418311166.232468 075.8
1418311166.682459 075.9
1418311167.132567 076.0
1418311167.582468 076.0
1418311168.032277 076.1
1418311168.482555 076.2
1418311168.932488 076.2
1418311169.382385 076.3
1418311175.682106 077.2
1418311176.132075 077.3
1418311188.282507 078.7
1418311188.731866 078.8
1418311189.181527 078.8
1418311189.631602 078.8
1418311190.081749 078.9
1418311190.531805 079.0
1418311190.981732 079.0
1418311198.631595 079.4
1418311199.081572 079.5
1418311199.531327 079.5
1418311199.981992 079.5
1418311200.431238 079.5
1418311200.881380 079.5
1418311201.331390 079.5
1418311201.781365 079.5
1418311202.231335 079.6
1418311202.681493 079.6
1418311203.131274 079.6
1418311203.581270 079.6
1418311204.031392 079.6
1418311204.481348 079.7
1418311210.781185 079.8
1418311211.231006 079.8
1418311211.681813 079.9
1418311219.330925 079.9
1418311219.780823 080.1
1418311220.230977 080.1
1418311220.681128 080.1
1418311221.130946 080.1
1418311221.580925 080.1
1418311222.030903 080.1
1418311222.480957 080.2
1418311222.930373 080.2
1418311223.380950 080.2
1418311223.830237 080.2
1418311224.280451 080.3
1418311224.730252 080.3
1418311225.180452 080.3
1418311225.631345 080.3
1418311231.480103 080.4
1418311231.935016 080.8
1418311232.380358 080.8
1418311232.830119 080.9
1418311233.280303 080.9
1418311233.730246 081.0
1418311234.180223 081.0
1418311234.630253 081.0
1418311235.080886 081.0
1418311235.529981 081.1
1418311235.979936 081.2
1418311236.429911 081.2
1418311236.880112 081.2
1418311237.329988 081.3
1418311237.780224 081.3
1418311238.229904 081.3
1418311238.680067 081.4
1418311239.129992 081.4
1418311239.580141 081.5
1418311240.030147 081.5
1418311240.479792 081.6
1418311240.930013 081.6
1418311241.380068 081.6
1418311241.829859 081.7
1418311242.280017 081.7
1418311242.729986 081.7
1418311246.329911 082.0
1418311246.780123 082.0
1418311247.229626 082.0
1418311247.679806 082.1
1418311248.129715 082.2
1418311248.579625 082.2
1418311249.029647 082.2
1418311249.479704 082.2
1418311249.929666 082.2
1418311250.379594 082.3
1418311250.829652 082.3
1418311251.279574 082.4
1418311251.729626 082.4
1418311252.179661 082.4
1418311252.629476 082.5
1418311253.079471 082.5
1418311253.529498 082.5
1418311253.979743 082.6
1418311254.429469 082.6
1418311254.879602 082.6
1418311258.029419 082.8
1418311258.480201 082.8
1418311258.929543 082.9
1418311259.379704 082.9
1418311259.829135 082.9
1418311273.779004 083.3
1418311274.228994 083.3
1418311274.679080 083.3
1418311275.129102 083.3
1418311275.578923 083.3
1418311276.028926 083.3
1418311276.479070 083.3
1418311276.928899 083.3
1418311277.379048 083.3
1418311277.829028 083.3
1418311278.279118 083.3
1418311278.728970 083.3
1418311279.178924 083.3
1418311279.629097 083.3
1418311280.078560 083.4
1418311280.528589 083.4
1418311280.978638 083.4
1418311281.428689 083.4
1418311281.879290 083.4
1418311282.328839 083.4
1418311282.778691 083.5
1418311283.228804 083.5
1418311289.978558 083.5
1418311290.428430 083.5
1418311290.878430 083.5
1418311291.328507 083.6
1418311291.778561 083.6
1418311292.228434 083.5
1418311292.678540 083.6
1418311293.128462 083.5
1418311300.328143 083.5
1418311300.778144 083.5
1418311301.228065 083.5
1418311301.678164 083.5
1418311319.677572 083.3
1418311320.127670 083.3
1418311320.577570 083.3
1418311321.027231 083.4
1418311321.477743 083.3
1418311321.927151 083.4
1418311322.377572 083.3
1418311322.827238 083.4
1418311323.277155 083.4
1418311323.727127 083.4
1418311324.177304 083.4
1418311324.627239 083.4
1418311325.077207 083.4
1418311325.527180 083.4
1418311325.977231 083.4
1418311326.427097 083.4
1418311326.877117 083.4
1418311327.327202 083.4
1418311327.777134 083.4
1418311328.227152 083.5
1418311328.677989 083.5
1418311329.127144 083.5
1418311329.577155 083.5
1418311330.027208 083.5
1418311330.477122 083.5
1418311330.927128 083.5
1418311336.776628 083.6
1418311337.226681 083.9
1418311337.676604 084.0
1418311345.326578 084.6
1418311345.776600 084.7
1418311347.576314 084.8
1418311348.026365 084.8
1418311348.476241 084.9
1418311348.926484 084.9
1418311349.376500 084.9
1418311349.826186 085.0
1418311350.276346 085.0
1418311350.726351 085.0
1418311351.176459 085.1
1418311351.626318 085.1
1418311352.077225 085.1
1418311352.526501 085.2
1418311352.976471 085.2
1418311367.825972 086.1
1418311368.275726 086.1
1418311368.725612 086.1
1418311369.175617 086.1
1418311369.625640 086.1
1418311377.275816 086.1
1418311377.725590 086.3
1418311378.182072 086.3
1418311378.625544 086.3
1418311379.075380 086.3
1418311379.525588 086.3
1418311379.975509 086.3
1418311380.425512 086.3
1418311380.875454 086.3
1418311381.325353 086.4
1418311381.775407 086.4
1418311382.225383 086.4
1418311382.675380 086.4
1418311383.126897 086.4
1418311383.575403 086.4
1418311384.025366 086.4
1418311384.475378 086.4
1418311384.925285 086.4
1418311385.375225 086.4
1418311385.825342 086.4
1418311386.275380 086.4
1418311386.725350 086.4
1418311387.176189 086.4
1418311387.625251 086.4
1418311388.075302 086.4
1418311388.525273 086.4
1418311388.975096 086.5
1418311389.425195 086.5
1418311389.875249 086.5
1418311390.325169 086.5
1418311390.775224 086.5
1418311391.225145 086.5
1418311391.675266 086.5
1418311392.125274 086.5
1418311392.575142 086.5
1418311393.025068 086.5
1418311393.475064 086.5
1418311393.925168 086.5
1418311394.375119 086.5
1418311404.724849 086.5
1418311405.174783 086.5
1418311405.624834 086.5
1418311406.074333 086.6
1418311406.524356 086.6
1418311406.974315 086.6
1418311407.424313 086.6
1418311407.874343 086.6
1418311408.324438 086.6
1418311408.774314 086.6
1418311409.224412 086.6
1418311409.674333 086.6
1418311410.125335 086.6
1418311410.574990 086.6
1418311411.024429 086.6
1418311411.474233 086.6
1418311411.924338 086.6
1418311412.374261 086.6
1418311412.824183 086.6
1418311413.274235 086.6
1418311413.724219 086.6
1418311414.174300 086.6
1418311414.624131 086.6
1418311429.024027 087.2
1418311429.473750 087.3
1418311429.923845 087.3
1418311430.373957 087.3
1418311430.823969 087.3
1418311431.273882 087.4
1418311431.723993 087.4
1418311432.174021 087.5
1418311432.622957 087.5
1418311433.073111 087.5
1418311439.373010 088.0
1418311439.823084 088.1
1418311440.273103 088.1
1418311440.723199 088.1
1418311441.173005 088.2
1418311441.623203 088.2
1418311442.072958 088.3
1418311442.523136 088.3
1418311442.972725 088.4
1418311443.422880 088.4
1418311443.872959 088.5
1418311444.322818 088.5
1418311444.772996 088.6
1418311445.222817 088.6
1418311445.673585 088.7
1418311446.123010 088.7
1418311446.573014 088.8
1418311447.023080 088.8
1418311447.472919 088.8
1418311447.922835 088.9
1418311448.372877 088.9
1418311448.822799 089.0
1418311449.272923 089.0
1418311449.722880 089.0
1418311462.322532 090.0
1418311462.772511 090.0
1418311463.222357 090.0
1418311463.672521 090.0
1418311464.122437 090.1
1418311469.522308 090.3
1418311469.972019 090.3
1418311470.422121 090.4
1418311488.871729 090.4
1418311489.321556 090.7
1418311489.771516 090.7
1418311490.221445 090.7
1418311490.671640 090.7
1418311491.121645 090.8
1418311491.571550 090.8
1418311492.021704 090.8
1418311492.472173 090.8
1418311492.921411 090.8
1418311493.375220 090.8
1418311493.821497 090.8
1418311494.271369 090.7
1418311498.771161 090.7
1418311499.221335 090.7
1418311499.671185 090.7
1418311500.121242 090.7
1418311500.571158 090.7
1418311501.021224 090.7
1418311501.471084 090.7
1418311501.921193 090.7
1418311502.371114 090.7
1418311502.821031 090.7
1418311503.271006 090.7
1418311503.721095 090.7
1418311504.171665 090.7
1418311512.270720 090.8
1418311512.720747 090.8
1418311513.170777 090.8
1418311513.620729 090.8
1418311514.070694 090.8
1418311514.520766 090.8
1418311514.970668 090.8
1418311515.420896 090.8
1418311515.871567 090.8
1418311516.320696 090.8
1418311516.770776 090.8
1418311517.220861 090.8
1418311517.670688 090.8
1418311518.120674 090.8
1418311518.570878 090.8
1418311526.220397 091.0
1418311526.670406 091.0
1418311527.120454 091.0
1418311527.571129 091.1
1418311528.020532 091.1
1418311528.470518 091.1
1418311528.919852 091.1
1418311529.369918 091.2
1418311529.820084 091.2
1418311530.270101 091.2
1418311530.719858 091.2
1418311531.170006 091.3
1418311531.619937 091.3
1418311532.069938 091.3
1418311532.520017 091.3
1418311532.969926 091.4
1418311533.419882 091.4
1418311533.869861 091.4
1418311548.719366 092.2
1418311551.419394 092.3
1418311551.869435 092.3
1418311552.319472 092.4
1418311552.769713 092.4
1418311553.219546 092.4
1418311553.669421 092.4
1418311554.119435 092.4
1418311554.569445 092.4
1418311555.019551 092.5
1418311555.475753 092.5
1418311576.618613 092.7
1418311577.068689 092.8
1418311577.518687 092.8
1418311577.968666 092.8
1418311578.418700 092.8
1418311578.868742 092.8
1418311579.318607 092.8
1418311579.768908 092.8
1418311592.367931 093.0
1418311592.817942 093.0
1418311593.267848 093.0
1418311593.718013 093.0
1418311594.168031 093.0
1418311605.867798 092.8
1418311606.317651 092.8
1418311606.767757 092.8
1418311607.217620 092.8
1418311607.667676 092.8
1418311608.117977 092.8
1418311610.817545 092.8
1418311611.267888 092.8
1418311611.717648 092.8
1418311612.167571 092.8
1418311612.617619 092.8
1418311613.067569 092.8
1418311613.517572 092.8
1418311613.967764 092.8
1418311614.417492 092.9
1418311614.867544 092.9
1418311615.317671 092.9
1418311615.767442 092.9
1418311616.217414 092.9
1418311616.667414 092.9
1418311617.117572 092.9
1418311617.567522 093.0
1418311618.017074 093.0
1418311618.467076 093.0
1418311627.916951 093.6
1418311628.367132 093.6
1418311628.817024 093.7
1418311629.266861 093.7
1418311629.716862 093.7
1418311630.166992 093.8
1418311630.617117 093.8
1418311631.067094 093.8
1418311631.516625 093.9
1418311631.966658 093.9
1418311634.216755 094.1
1418311634.666796 094.2
1418311635.116834 094.2
1418311635.566838 094.3
1418311636.016998 094.3
1418311636.466619 094.3
1418311636.916605 094.4
1418311637.366891 094.4
1418311637.816629 094.4
1418311638.266814 094.5
1418311638.716782 094.5
1418311639.166652 094.5
1418311639.616637 094.6
1418311640.066645 094.7
1418311648.166341 095.2
1418311648.615980 095.3
1418311649.066132 095.3
1418311649.516001 095.3
1418311649.966208 095.4
1418311650.416073 095.4
1418311650.866085 095.4
1418311652.216149 095.4
1418311652.666291 095.5
1418311653.115954 095.6
1418311660.315636 095.8
1418311660.765590 095.8
1418311661.215663 095.8
1418311661.665832 095.9
1418311662.115591 095.9
1418311662.565784 095.9
1418311663.015668 096.0
1418311663.465586 096.0
1418311663.915631 096.0
1418311664.365856 096.1
1418311664.817686 096.1
1418311665.265688 096.1
1418311665.715731 096.1
1418311666.165795 096.1
1418311666.615470 096.1
1418311667.065668 096.2
1418311667.515458 096.2
1418311667.966135 096.2
1418311668.415429 096.2
1418311668.865545 096.2
1418311685.965119 096.5
1418311686.414990 096.4
1418311686.865084 096.5
1418311700.814573 096.3
1418311701.264752 096.3
1418311701.714712 096.3
1418311702.164518 096.3
1418311702.614395 096.3
1418311703.065048 096.3
1418311703.514413 096.3
1418311703.964645 096.3
1418311704.414418 096.3
1418311704.864413 096.3
1418311705.314411 096.3
1418311705.764362 096.3
1418311706.214339 096.3
1418311706.664353 096.3
1418311707.115278 096.3
1418311707.564443 096.3
1418311708.014210 096.3
1418311708.464303 096.3
1418311723.313663 096.7
1418311723.763623 096.7
1418311724.213555 096.7
1418311724.663570 096.8
1418311733.213529 097.3
1418311738.613184 097.6
1418311739.063167 097.7
1418311739.513193 097.7
1418311739.963299 097.7
1418311740.413310 097.8
1418311740.863214 097.8
1418311741.313194 097.8
1418311741.763220 097.9
1418311742.213269 097.9
1418311742.662989 098.0
1418311743.113011 098.0
1418311743.563089 098.1
1418311744.013303 098.1
1418311744.463138 098.1
1418311744.913192 098.2
1418311745.362976 098.2
1418311745.813088 098.2
1418311746.263226 098.3
1418311746.713109 098.3
1418311747.163261 098.4
1418311747.612759 098.4
1418311748.062793 098.5
1418311748.513016 098.5
1418311748.962792 098.6
1418311749.412794 098.6
1418311749.863553 098.6
1418311750.312712 098.7
1418311750.762644 098.7
1418311753.912544 098.9
1418311754.362556 098.9
1418311754.812520 098.9
1418311755.262671 099.0
1418311755.712533 099.0
1418311756.162667 099.0
1418311771.911945 099.4
1418311785.861807 099.5
1418311786.311535 099.6
1418311786.761707 099.5
1418311787.211630 099.5
1418311795.311418 099.7
1418311795.761300 099.7
1418311796.211216 099.7
1418311796.661891 099.7
1418311797.111418 099.6
1418311797.561205 099.7
1418311798.011291 099.7
1418311798.461217 099.7
1418311798.911219 099.7
1418311799.361249 099.7
1418311799.811158 099.7
1418311800.261188 099.7
1418311800.711284 099.7
1418311801.161240 099.7
1418311801.611287 099.7
1418311802.061190 099.7
1418311802.511302 099.7
1418311802.961125 099.7
1418311803.411130 099.7
1418311803.861138 099.7
1418311819.610380 100.3
1418311820.061130 100.3
1418311820.510359 100.4
1418311820.960348 100.4
1418311825.910640 100.6
1418311826.360443 100.7
1418311839.410003 101.7
1418311839.859968 101.8
1418311840.309965 101.8
1418311840.760097 101.8
1418311841.209939 101.8
1418311841.660012 101.9
1418311842.110105 101.9
1418311842.559890 102.0
1418311843.010097 102.0
1418311856.059132 102.8
1418311856.509132 102.8
1418311856.959140 102.8
1418311857.409055 102.8
1418311857.859076 102.8
1418311858.309128 102.8
1418311858.759242 102.8
1418311859.209157 102.9
1418311859.659079 102.9
1418311868.658725 103.1
1418311869.108590 103.0
1418311879.458454 103.2
1418311879.908327 103.2
1418311880.358401 103.2
1418311880.808248 103.2
1418311881.258296 103.3
1418311886.208065 103.3
1418311886.658466 103.2
1418311897.007701 103.2
1418311905.107563 103.2
1418311910.957337 103.2
1418311911.407210 103.2
1418311911.857309 103.2
1418311912.307534 103.2
1418311912.757756 103.2
1418311913.210484 103.2
1418311913.657704 103.2
1418311914.107352 103.2
1418311914.557050 103.2
1418311915.007184 103.2
1418311915.457164 103.2
1418311923.557710 103.5
1418311924.006827 103.5
1418311933.006473 104.1
1418311933.456613 104.1
1418311933.906543 104.1
1418311934.356442 104.2
1418311934.806421 104.2
1418311935.256570 104.3
1418311935.706535 104.3
1418311940.656344 104.7
1418311941.106470 104.7
1418311941.556522 104.7
1418311942.006607 104.8
1418311942.456105 104.8
1418311942.906210 104.8
1418311943.356238 104.9
1418311943.806331 104.9
1418311944.256162 104.9
1418311944.706116 104.9
1418311945.156117 104.9
1418311951.906268 105.2
1418311952.356002 105.1
1418311952.808504 105.2
1418311953.256081 105.2
1418311953.706130 105.2
1418311954.156134 105.2
1418311954.606112 105.2
1418311955.056132 105.2
1418311955.506188 105.2
1418311955.956053 105.2
1418311956.405690 105.3
1418311956.855667 105.3
1418311957.305897 105.3
1418311957.755896 105.3
1418311958.205808 105.3
1418311958.655719 105.3
1418311959.105907 105.3
1418311959.555749 105.3
1418311960.005853 105.3
1418311960.456527 105.3
1418311960.905683 105.3
1418311961.355636 105.3
1418311961.805753 105.3
1418311962.255770 105.3
1418311962.705589 105.4
1418311963.155636 105.4
1418311963.605667 105.4
1418311964.055766 105.4
1418311964.505642 105.4
1418311964.955744 105.4
1418311965.405512 105.4
1418311965.855484 105.4
1418311966.305578 105.4
1418311966.756896 105.4
1418311975.305405 105.6
1418311975.755468 105.6
1418311985.204725 105.8
1418311985.654598 105.8
1418311986.104652 105.8
1418311993.304386 105.8
1418311993.754440 105.8
1418311994.204410 105.8
1418311994.654287 105.8
1418311995.104448 105.8
1418312006.804161 105.9
1418312007.254803 105.9
1418312007.703843 105.9
1418312008.153969 105.9
1418312008.603819 105.9
1418312009.053827 105.9
1418312009.503849 105.9
1418312009.953883 105.9
1418312010.403817 105.9
1418312010.854007 106.0
1418312011.303933 106.0
1418312011.753911 106.0
1418312012.203857 106.1
1418312012.653893 106.1
1418312013.103938 106.1
1418312013.553870 106.1
1418312014.003919 106.1
1418312037.403024 107.5
1418312037.852977 107.6
1418312054.502929 108.4
1418312054.954417 108.4
1418312055.402844 108.4
1418312055.852438 108.5
1418312056.302538 108.5
1418312056.752596 108.5
1418312057.202462 108.5
1418312057.652386 108.5
1418312058.102488 108.5
1418312058.552398 108.6
1418312059.002558 108.6
1418312059.452488 108.6
1418312059.902574 108.6
1418312060.355446 108.6
1418312060.802387 108.6
1418312061.252592 108.6
1418312061.702464 108.6
1418312062.152285 108.7
1418312062.602281 108.7
1418312063.052306 108.7
1418312063.502407 108.7
1418312063.952381 108.8
1418312064.402535 108.8
1418312064.852435 108.8
1418312065.302627 108.8
1418312065.753206 108.8
1418312066.202201 108.8
1418312066.652251 108.8
1418312067.102388 108.8
1418312067.552324 108.8
1418312068.002307 108.8
1418312068.452310 108.8
1418312068.902281 108.8
1418312069.352329 108.9
1418312069.802355 108.9
1418312070.252228 108.9
1418312070.702379 108.9
1418312071.152093 108.9
1418312071.602017 108.9
1418312072.052064 108.9
1418312072.502153 109.0
1418312081.051814 109.2
1418312081.502006 109.2
1418312081.951835 109.2
1418312082.401900 109.2
1418312082.851944 109.2
1418312083.301871 109.2
1418312083.751783 109.2
1418312084.201726 109.2
1418312084.651817 109.3
1418312085.101785 109.3
1418312085.551823 109.3
1418312086.004658 109.3
1418312086.451823 109.3
1418312086.901786 109.3
1418312087.351754 109.3
1418312087.801872 109.3
1418312095.901554 109.3
1418312096.351564 109.3
1418312096.800776 109.4
1418312097.250888 109.4
1418312097.700876 109.4
1418312098.150877 109.4
1418312098.601105 109.4
1418312099.050776 109.4
1418312106.700876 109.6
1418312107.150702 109.5
1418312107.600744 109.6
1418312108.050546 109.6
1418312108.500883 109.6
1418312108.950481 109.6
1418312109.400512 109.6
1418312119.300463 110.0
1418312124.700125 110.4
1418312125.150094 110.4
1418312125.600242 110.5
1418312126.050099 110.5
1418312133.250013 111.0
1418312133.700750 111.0
1418312134.150016 111.0
1418312134.599973 111.1
1418312135.049993 111.1
1418312135.505187 111.1
1418312135.950746 111.2
1418312136.399644 111.2
1418312136.849651 111.2
1418312137.299815 111.3
1418312137.749574 111.3
1418312138.199711 111.3
1418312138.649702 111.3
1418312139.099626 111.4
1418312139.549559 111.4
1418312139.999648 111.4
1418312140.449715 111.5
1418312147.650173 111.8
1418312148.099444 111.8
1418312150.349419 112.0
1418312150.799469 112.0
1418312151.249443 112.0
1418312151.699548 112.0
1418312152.149521 112.1
1418312156.199211 112.2
1418312156.649060 112.3
1418312157.099333 112.4
1418312157.549271 112.4
1418312157.999440 112.4
1418312158.449263 112.4
1418312158.899186 112.5
1418312159.349963 112.5
1418312159.799287 112.5
1418312160.248977 112.6
1418312160.698897 112.6
1418312161.149127 112.6
1418312161.599027 112.6
1418312162.048994 112.7
1418312162.499181 112.7
1418312162.949228 112.7
1418312163.399156 112.8
1418312169.248746 113.1
1418312169.698659 113.1
1418312170.182271 113.2
1418312174.648430 113.4
1418312175.098596 113.4
1418312175.548556 113.4
1418312175.998665 113.4
1418312176.448804 113.4
1418312176.898248 113.5
1418312177.348220 113.5
1418312177.798474 113.5
1418312178.248380 113.5
1418312178.699023 113.5
1418312179.148452 113.6
1418312179.598428 113.6
1418312180.048326 113.6
1418312180.498404 113.6
1418312180.948224 113.6
1418312184.548224 113.6
1418312184.998246 113.6
1418312185.448281 113.6
1418312185.898171 113.6
1418312186.348158 113.6
1418312186.798271 113.6
1418312187.248118 113.6
1418312187.698125 113.6
1418312188.151118 113.6
1418312188.598092 113.6
1418312189.048116 113.6
1418312200.747344 113.0
1418312201.197305 113.0
1418312201.647987 113.0
1418312202.097855 112.9
1418312202.547795 112.9
1418312202.997861 112.9
1418312203.447899 112.9
1418312203.897777 112.9
1418312204.347874 112.8
1418312204.797702 112.8
1418312205.247701 112.8
1418312205.697490 112.8
1418312206.148333 112.8
1418312206.597816 112.8
1418312207.047623 112.7
1418312207.497642 112.7
1418312207.947599 112.7
1418312208.397742 112.7
1418312208.847731 112.7
1418312227.746972 112.9
1418312228.197282 112.9
1418312228.647043 112.9
1418312229.097019 112.9
1418312235.846295 113.2
1418312236.296348 113.3
1418312236.746388 113.3
1418312237.196608 113.3
1418312237.646421 113.3
1418312243.496295 113.6
1418312243.946214 113.6
1418312244.396303 113.6
1418312244.846209 113.6
1418312245.296062 113.7
1418312245.746084 113.7
1418312246.196183 113.7
1418312246.646268 113.7
1418312247.096209 113.7
1418312247.546223 113.8
1418312247.996188 113.8
1418312248.446098 113.8
1418312248.896106 113.8
1418312249.346139 113.8
1418312249.796104 113.8
1418312250.246336 113.9
1418312259.245562 114.4
1418312259.695654 114.4
1418312260.145826 114.4
1418312260.595644 114.4
1418312267.345199 114.8
1418312267.795322 114.9
1418312268.245396 114.9
1418312268.695468 114.9
1418312269.145407 114.9
1418312269.595226 114.9
1418312270.045246 114.9
1418312270.495381 115.0
1418312270.945460 115.0
1418312271.395320 115.0
1418312271.845467 115.0
1418312272.295393 115.1
1418312272.745118 115.1
1418312273.195273 115.1
1418312279.045067 115.3
1418312279.495065 115.3
1418312287.594959 115.5
1418312288.045681 115.5
1418312292.544727 115.6
1418312292.994806 115.5
1418312293.444818 115.5
1418312293.894704 115.5
1418312294.344628 115.5
1418312294.794602 115.6
1418312295.244709 115.6
1418312295.694878 115.6
1418312296.144724 115.6
1418312296.594708 115.6
1418312297.044569 115.6
1418312297.494738 115.6
1418312315.493794 116.2
1418312315.943896 116.2
1418312316.393918 116.3
1418312316.843974 116.3
1418312317.294028 116.3
1418312317.743949 116.3
1418312318.194059 116.3
1418312318.643896 116.3
1418312319.093944 116.4
1418312319.544289 116.4
1418312319.993909 116.5
1418312320.443895 116.5
1418312320.893994 116.5
1418312321.343861 116.5
1418312321.793978 116.5
1418312322.243898 116.6
1418312322.694047 116.6
1418312362.741733 117.7
1418312363.191597 117.7
1418312363.641867 117.7
1418312364.091724 117.7
1418312364.541871 117.7
1418312364.991652 117.7
1418312365.441653 117.7
1418312365.891812 117.7
1418312366.341679 117.7
1418312366.791602 117.7
1418312367.241542 117.7
1418312367.691630 117.7
1418312368.141449 117.7
1418312368.591541 117.7
1418312369.041619 117.7
1418312373.991436 117.7
1418312374.441385 117.7
1418312374.891397 117.7
1418312396.040850 117.9
1418312396.490766 117.9
1418312396.940906 118.0
1418312397.390789 118.0
1418312397.840887 118.0
1418312398.290889 118.0
1418312398.740745 118.0
1418312412.240520 118.3
1418312412.690176 118.3
1418312426.639704 118.7
1418312427.089736 118.7
1418312427.539733 118.7
1418312427.991507 118.7
1418312432.039622 118.8
1418312432.489550 118.8
1418312441.489362 119.1
1418312441.939079 119.2
1418312442.389160 119.2
1418312442.839274 119.2
1418312445.539360 119.4
1418312445.988861 119.4
1418312446.438996 119.4
1418312446.888898 119.4
1418312447.339049 119.5
1418312447.789086 119.5
1418312448.239027 119.5
1418312448.688847 119.5
1418312449.138949 119.5
1418312449.588974 119.6
1418312450.039100 119.6
1418312450.488770 119.6
1418312450.938994 119.6
1418312451.388977 119.7
1418312451.839674 119.7
1418312452.288854 119.7
1418312452.738885 119.7
1418312453.188931 119.8
1418312453.638951 119.8
1418312454.088981 119.8
1418312454.539187 119.8
1418312454.988936 119.8
1418312464.438641 120.2
1418312464.888637 120.2
1418312465.338742 120.2
1418312465.788827 120.3
1418312466.238777 120.3
1418312466.688741 120.3
1418312467.138180 120.3
1418312467.588142 120.4
1418312468.038203 120.4
1418312468.488192 120.4
1418312468.938247 120.4
1418312469.388146 120.4
1418312469.838236 120.5
1418312470.288270 120.5
1418312473.888140 120.6
1418312474.338092 120.6
1418312474.788171 120.6
1418312475.238660 120.6
1418312475.688116 120.7
1418312476.138123 120.7
1418312476.588194 120.7
1418312477.038221 120.7
1418312477.487754 120.8
1418312482.887755 120.9
1418312483.787726 120.9
1418312484.237723 120.9
1418312484.687797 120.9
1418312485.137709 120.9
1418312485.587596 120.9
1418312486.037613 120.9
1418312486.487571 120.9
1418312486.938227 120.9
1418312487.387590 120.9
1418312496.387296 121.0
1418312510.337645 121.3
1418312510.786783 121.3
1418312511.236784 121.3
1418312511.686856 121.4
1418312512.136860 121.4
1418312512.586888 121.4
1418312513.037142 121.4
1418312516.636656 121.6
1418312517.087096 121.6
1418312517.536767 121.6
1418312517.986990 121.6
1418312518.437005 121.6
1418312518.886526 121.7
1418312519.336496 121.7
1418312519.786738 121.7
1418312520.236471 121.7
1418312527.436632 122.1
1418312527.886057 122.1
1418312528.336275 122.2
1418312528.786168 122.2
1418312531.486336 122.3
1418312531.936132 122.4
1418312532.386005 122.4
1418312532.836317 122.4
1418312533.286216 122.4
1418312533.736861 122.5
1418312534.188819 122.5
1418312534.636266 122.6
1418312535.086322 122.6
1418312535.535984 122.6
1418312535.986066 122.6
1418312576.034700 124.6
1418312576.485059 124.6
1418312576.934907 124.7
1418312577.384599 124.7
1418312577.834752 124.7
1418312578.284806 124.7
1418312578.734551 124.7
1418312579.184593 124.7
1418312610.233323 124.4
1418312610.683661 124.4
1418312611.133574 124.3
1418312611.583571 124.3
1418312612.033440 124.3
1418312612.483423 124.2
1418312612.933402 124.2
1418312613.383548 124.1
1418312613.833325 124.1
1418312614.283189 124.1
1418312614.733213 124.0
1418312615.183167 124.0
1418312615.633712 124.0
1418312616.083922 123.9
1418312631.382641 122.1
1418312631.833115 122.1
1418312632.283037 122.0
1418312632.732956 121.9
1418312633.182803 121.9
1418312633.632996 121.8
1418312634.082796 121.8
1418312634.532818 121.8
1418312634.982619 121.7
1418312635.432831 121.6
1418312652.082381 119.3
1418312652.532118 119.3
1418312652.982175 119.2
1418312658.832066 118.3
1418312659.281945 118.3
1418312659.731891 118.2
1418312660.181810 118.1
1418312660.631734 118.1
1418312661.082004 118.0
1418312661.531749 117.9
1418312661.981630 117.8
1418312666.481420 117.1
1418312666.931528 117.1
1418312667.381614 117.0
1418312667.831444 116.9
1418312668.281564 116.9
1418312668.731343 116.8
1418312669.181286 116.7
1418312669.631236 116.7
1418312675.031714 115.8
1418312682.681552 114.5
1418312683.131601 114.5
1418312693.931415 112.8
1418312694.381059 112.7
1418312694.831102 112.6
1418312695.281285 112.5
1418312695.731160 112.5
1418312696.181122 112.4
1418312707.880443 112.7
1418312708.330603 110.7
1418312708.780564 110.6
1418312709.231163 110.5
1418312709.680493 110.5
1418312710.130310 110.4
1418312710.580294 110.3
1418312711.030731 110.2
1418312711.480420 110.2
1418312711.930471 110.1
1418312712.380586 110.0
1418312712.830275 109.9
1418312713.280300 109.9
1418312713.730222 109.8
1418312714.180403 109.8
1418312714.630299 109.8
1418312718.230354 109.2
1418312718.680275 109.1
1418312727.679938 107.7
1418312728.129737 107.7
1418312736.679626 106.4
1418312737.129456 106.3
1418312737.579365 106.2
1418312738.029290 106.2
1418312738.479578 106.1
1418312754.679217 104.4
1418312755.129019 103.8
1418312755.578911 103.7
1418312756.029622 103.6
1418312756.478870 103.6
1418312756.928878 103.5
1418312757.378781 103.5
1418312757.829195 103.4
1418312758.278794 103.4
1418312758.728821 103.3
1418312759.179470 103.2
1418312759.628743 103.2
1418312760.078508 103.1
1418312760.528596 103.0
1418312760.978352 103.0
1418312761.428688 102.9
1418312761.878565 102.9
1418312762.328585 102.8
1418312762.778413 102.8
1418312763.228557 102.7
1418312763.678481 102.6
1418312778.978091 100.5
1418312779.428930 100.5
1418312782.578248 100.1
1418312783.028075 100.0
1418312783.478313 100.0
1418312783.927961 099.9
1418312784.377833 099.8
1418312784.827880 099.8
1418312785.278040 099.7
1418312799.677976 099.7
1418312803.277390 097.5
1418312803.727486 097.4
1418312804.177228 097.3
1418312804.627107 097.3
1418312805.077206 097.2
1418312805.527227 097.1
1418312807.777148 096.9
1418312808.226999 096.9
1418312808.677361 096.8
1418312809.127004 096.7
1418312809.576947 096.7
1418312810.026862 096.7
1418312810.477260 096.6
1418312810.927130 096.5
1418312811.377313 096.5
1418312811.827024 096.4
1418312812.277116 096.3
1418312812.726997 096.3
1418312813.176953 096.2
1418312813.627022 096.2
1418312814.076787 096.2
1418312814.527337 096.1
1418312814.977137 096.1
1418312815.426736 096.0
1418312815.876657 096.0
1418312816.326767 095.9
1418312816.776708 095.9
1418312824.876317 094.9
1418312825.326293 094.9
1418312825.776261 094.9
1418312853.225458 091.7
1418312853.675459 091.7
1418312854.126016 091.6
1418312854.575237 091.6
1418312855.025527 091.5
1418312855.475277 091.5
1418312855.925248 091.4
1418312856.375254 091.4
1418312856.825395 091.3
1418312857.275424 091.3
1418312857.725017 091.2
1418312858.175218 091.2
1418312858.624938 091.1
1418312859.075689 091.1
1418312859.525539 091.0
1418312859.975407 091.0
1418312860.425394 091.0
1418312860.875328 090.9
1418312861.326126 090.9
1418312871.224828 089.8
1418312871.674725 089.8
1418312872.125245 089.8
1418312872.574953 089.7
1418312873.025408 089.7
1418312873.474740 089.6
1418312873.924599 089.6
1418312874.374672 089.6
1418312874.824730 089.5
1418312875.274779 089.5
1418312875.724599 089.4
1418312876.174437 089.4
1418312876.624439 089.4
1418312882.024789 088.8
1418312882.474584 088.8
1418312882.924391 088.7
1418312883.374443 088.7
1418312883.824554 088.6
1418312884.274418 088.6
1418312884.725004 088.6
1418312885.174335 088.5
1418312885.624308 088.5
1418312886.074131 088.4
1418312886.524489 088.4
1418312886.974262 088.3
1418312887.424362 088.3
1418312887.874283 088.2
1418312888.324159 088.2
1418312888.774156 088.2
1418312889.224260 088.1
1418312889.674103 088.1
1418312906.324088 086.5
1418312906.773871 086.5
1418312907.223839 086.4
1418312907.673887 086.4
1418312912.173580 085.9
1418312912.623596 085.9
1418312913.073607 085.8
1418312913.523527 085.8
1418312913.973452 085.7
1418312914.423444 085.7
1418312920.723409 085.1
1418312921.173218 085.1
1418312921.623432 085.1
1418312922.073288 085.0
1418312922.523295 085.0
1418312922.974556 085.0
1418312923.423397 084.9
1418312923.873090 084.9
1418312924.323266 084.8
1418312924.773111 084.8
1418312925.222856 084.7
1418312931.972860 084.1
1418312932.422937 084.1
1418312932.872719 084.1
1418312933.322803 084.0
1418312933.773014 084.0
1418312934.222621 083.9
1418312934.672544 083.9
1418312935.122741 083.9
1418312935.572727 083.9
1418312936.022500 083.8
1418312936.473024 083.8
1418312936.922866 083.7
1418312937.372961 083.7
1418312937.822830 083.6
1418312938.272696 083.6
1418312938.722908 083.6
1418312939.172717 083.5
1418312960.321972 081.7
1418312960.772009 081.7
1418312970.671453 080.9
1418312971.121524 080.9
1418312971.571573 080.8
1418312972.021505 080.8
1418312972.471504 080.8
1418312972.921328 080.8
1418312976.521238 080.4
1418312976.971007 080.4
1418312977.421261 080.4
1418312977.871187 080.4
1418312978.321810 080.3
1418312978.771052 080.3
1418312979.221158 080.3
1418312979.670995 080.2
1418312983.271193 080.0
1418312993.620951 079.9
1418312994.073401 079.1
1418312996.770721 078.9
1418312997.220660 078.9
1418312997.670536 078.8
1418312998.120872 078.8
1418312998.570667 078.8
1418312999.020724 078.7
1418312999.470581 078.7
1418312999.920720 078.7
1418313000.370495 078.6
1418313011.170351 077.9
1418313011.620246 077.8
1418313017.920132 077.4
1418313018.369939 077.4
1418313018.819991 077.3
1418313019.270168 077.3
1418313026.019591 076.8
1418313026.469627 076.7
1418313030.519600 076.4
1418313030.969726 076.4
1418313031.419499 076.4
1418313031.869688 076.3
1418313032.319421 076.3
1418313032.769573 076.3
1418313033.219548 076.3
1418313033.669602 076.2
1418313037.719341 076.0
1418313038.169216 076.0
1418313038.619353 075.9
1418313039.069080 075.9
1418313039.519232 075.8
1418313051.668483 074.9
1418313056.168722 074.6
1418313056.618768 074.6
1418313057.068636 074.6
1418313057.518607 074.5
1418313057.968552 074.5
1418313058.418483 074.5
1418313058.868679 074.5
1418313059.318506 074.4
1418313068.317805 073.8
1418313068.768300 073.8
1418313069.218163 073.7
1418313082.267284 072.9
1418313082.718169 072.9
1418313083.179376 072.8
1418313096.217459 072.1
1418313096.667311 072.1
1418313097.117233 072.0
1418313097.567317 072.0
1418313098.017101 072.0
1418313098.467416 071.9
1418313098.917337 071.9
1418313099.367952 071.9
1418313102.516999 071.6
1418313102.967129 071.6
1418313103.417025 071.6
1418313103.866946 071.6
1418313104.316812 071.5
1418313104.767171 071.5
1418313105.217085 071.5
1418313105.667104 071.4
1418313119.616834 070.6
1418313120.066579 070.6
1418313120.516600 070.5
1418313120.966412 070.5
1418313121.416527 070.5
1418313121.866392 070.4
1418313122.316368 070.4
1418313122.766334 070.4
1418313123.216391 070.3
1418313123.666267 070.3
1418313124.116383 070.3
1418313124.566315 070.2
1418313125.016398 070.2
1418313125.466357 070.2
1418313125.916125 070.2
1418313137.165720 069.5
1418313137.615793 069.4
1418313138.065825 069.4
1418313138.515585 069.4
1418313138.965767 069.3
1418313139.415511 069.3
1418313139.865511 069.3
1418313140.315583 069.3
1418313140.765460 069.3
1418313141.215484 069.2
1418313141.666006 069.2
1418313142.116653 069.2
1418313142.565924 069.2
1418313143.015951 069.1
1418313143.465838 069.1
1418313143.915853 069.0
1418313144.365563 069.0
1418313144.815850 069.0
1418313145.265871 069.0
1418313145.715879 069.0
1418313146.165628 069.0
1418313146.615668 068.9
1418313147.065587 068.9
1418313147.515585 068.8
1418313147.965508 068.8
1418313148.415378 068.8
1418313148.865743 068.8
1418313149.315592 068.7
1418313149.765569 068.7
1418313150.215381 068.7
1418313150.665676 068.6
1418313151.115641 068.6
1418313157.865417 068.3
1418313160.564972 068.1
1418313161.015246 068.1
1418313161.464987 068.0
1418313161.915045 068.0
1418313162.364901 068.0
1418313162.815014 068.0
1418313163.264994 068.0
1418313163.714861 067.9
1418313164.165043 067.9
1418313164.614833 067.9
1418313165.064752 067.9
1418313169.564843 067.8
1418313170.014783 067.6
1418313170.464684 067.6
1418313170.914621 067.6
1418313171.364496 067.5
1418313171.814642 067.5
1418313172.264469 067.5
1418313172.714437 067.4
1418313173.164349 067.4
1418313173.614856 067.4
1418313174.064909 067.4
1418313174.514728 067.3
1418313174.964596 067.3
1418313175.414705 067.3
1418313175.864637 067.2
1418313176.314502 067.2
1418313176.764610 067.2
1418313177.215192 067.2
1418313177.664611 067.2
1418313178.114714 067.2
1418313178.564494 067.1
1418313197.013689 066.1
1418313197.463615 066.1
1418313197.913659 066.1
1418313198.363754 066.1
1418313198.813455 066.1
1418313199.263840 066.0
1418313199.713764 066.0
1418313200.163678 066.0
1418313200.614281 066.0
1418313201.063608 066.0
1418313201.513624 065.9
1418313201.963653 065.9
1418313202.413459 065.9
1418313206.013164 065.7
1418313206.463190 065.7
1418313206.913310 065.6
1418313207.363149 065.6
1418313207.813032 065.6
1418313208.263819 065.6
1418313208.713737 065.5
1418313209.163868 065.5
1418313209.613571 065.5
1418313210.063639 065.5
1418313210.513605 065.5
1418313210.963661 065.4
1418313211.413510 065.4
1418313211.863349 065.4
1418313212.314283 065.3
1418313212.763479 065.3
1418313213.213571 065.3
1418313213.663460 065.3
1418313214.113219 065.3
1418313214.563251 065.3
1418313215.013422 065.2
1418313215.463538 065.2
1418313215.913274 065.2
1418313216.363265 065.2
1418313216.813088 065.1
1418313217.263514 065.1
1418313217.713276 065.1
1418313218.163269 065.1
1418313218.613318 065.1
1418313219.063160 065.0
1418313219.513219 065.0
1418313241.562367 064.0
1418313242.012220 063.9
1418313242.462293 063.9
1418313242.912100 063.9
1418313243.362233 063.9
1418313243.812114 063.8
1418313250.562196 063.8
1418313251.011974 063.5
1418313251.467106 063.4
1418313251.911886 063.4
1418313252.361953 063.4
1418313252.811913 063.4
1418313253.261915 063.3
1418313253.711759 063.3
1418313255.061891 063.3
1418313255.511927 063.2
1418313255.961860 063.2
1418313256.411681 063.2
1418313256.861710 063.2
1418313257.311838 063.2
1418313257.761813 063.2
1418313258.211819 063.1
1418313258.661703 063.1
1418313259.112197 063.1
1418313259.561589 063.1
1418313260.011735 063.1
1418313260.461872 063.1
1418313260.911651 063.0
1418313261.361580 063.0
1418313269.911389 062.6
1418313270.361395 062.6
1418313273.510995 062.6
1418313273.961032 062.4
1418313274.411031 062.4
1418313274.860902 062.4
1418313275.311212 062.4
1418313275.761178 062.3
1418313276.211059 062.3
1418313276.661078 062.3
1418313277.110930 062.3
1418313277.561152 062.3
1418313278.011006 062.3
1418313278.460878 062.2
1418313278.910797 062.2
1418313279.360798 062.2
1418313279.810904 062.1
1418313314.909548 060.6
1418313315.359604 060.6
1418313327.509402 060.1
1418313327.959597 060.0
1418313328.409409 060.0
1418313328.859373 060.0
1418313329.310016 060.0
1418313329.759372 060.0
1418313332.009189 059.8
1418313334.259107 059.8
1418313334.709050 059.7
1418313335.158956 059.7
1418313335.609054 059.7
1418313336.060903 059.7
1418313345.058598 059.3
1418313345.508509 059.3
1418313345.958483 059.3
1418313346.408638 059.3
1418313346.858356 059.2
1418313347.308714 059.2
1418313347.758662 059.2
1418313348.208640 059.1
1418313348.658723 059.1
1418313349.108602 059.1
1418313357.208273 058.8
1418313357.658103 058.8
1418313358.108464 058.8
1418313363.058047 058.6
1418313363.507908 058.6
1418313363.957727 058.5
1418313364.408597 058.5
1418313364.858138 058.5
1418313365.307910 058.5
1418313365.758217 058.5
1418313369.808577 058.3
1418313370.258455 058.2
1418313370.708377 058.2
1418313371.158766 058.2
1418313371.608302 058.2
1418313372.058222 058.2
1418313372.508678 058.2
1418313372.958194 058.1
1418313373.408298 058.1
1418313373.858217 058.1
1418313374.308541 058.1
1418313374.758144 058.1
1418313375.208063 058.1
1418313375.658273 058.0
1418313380.157908 057.9
1418313380.607884 057.9
1418313381.058117 057.9
1418313381.508092 057.8
1418313381.957910 057.8
1418313382.407985 057.8
1418313387.357722 057.6
1418313387.808275 057.5
1418313388.257752 057.5
1418313388.707489 057.5
1418313393.657622 057.3
1418313395.457566 057.3
1418313395.907346 057.2
1418313396.357414 057.2
1418313396.807179 057.2
1418313397.257232 057.2
1418313397.707410 057.1
1418313398.157462 057.1
1418313398.607233 057.1
1418313399.057359 057.1
1418313399.507983 057.1
1418313399.957179 057.1
1418313400.407200 057.0
1418313400.857210 057.0
1418313401.307076 057.0
1418313401.757048 057.0
1418313402.207000 057.0
1418313402.657217 057.0
1418313403.109438 057.0
1418313410.306787 056.7
1418313410.756756 056.7
1418313411.207413 056.6
1418313411.656878 056.6
1418313412.106550 056.6
1418313412.556995 056.6
1418313413.006626 056.5
1418313413.459103 056.5
1418313413.906481 056.5
1418313414.356475 056.5
1418313414.806548 056.5
1418313415.256684 056.5
1418313415.706438 056.5
1418313416.156864 056.5
1418313416.606792 056.4
1418313417.056761 056.4
1418313417.506626 056.4
1418313417.956786 056.3
1418313418.406553 056.3
1418313418.856606 056.3
1418313419.306574 056.3
1418313419.758423 056.3
1418313420.206642 056.3
1418313420.656474 056.3
1418313421.106527 056.3
1418313421.556816 056.3
1418313422.006367 056.3
1418313422.456370 056.3
1418313422.907617 056.2
1418313428.306105 056.0
1418313428.756368 056.0
1418313429.206190 056.0
1418313429.656212 056.0
1418313430.106214 055.9
1418313430.556231 056.0
1418313431.006246 055.9
1418313439.555715 055.6
1418313440.005637 055.6
1418313440.455630 055.6
1418313440.905648 055.6
1418313441.355511 055.6
1418313441.805877 055.5
1418313442.255944 055.5
1418313442.705793 055.5
1418313443.156039 055.5
1418313443.605739 055.5
1418313444.055743 055.4
1418313444.505616 055.4
1418313444.955719 055.4
1418313445.405537 055.4
1418313445.855536 055.3
1418313456.655267 055.0
1418313457.105105 054.9
1418313457.555018 054.9
1418313458.005720 054.9
1418313458.455207 054.9
1418313458.905012 054.9
1418313459.354886 054.9
1418313459.804810 054.9
1418313460.255145 054.9
1418313460.704912 054.8
1418313461.154888 054.8
1418313461.604956 054.8
1418313462.054809 054.8
1418313462.504750 054.8
1418313472.854857 054.4
1418313473.304706 054.4
1418313480.504525 054.1
1418313480.954483 054.1
1418313481.405136 054.1
1418313481.854450 054.1
1418313482.304340 054.0
1418313482.754258 054.0
1418313483.204440 054.0
1418313483.654313 054.0
1418313484.104235 054.0
1418313484.554198 054.0
1418313485.004365 053.9
1418313485.454335 053.9
1418313485.904282 053.9
1418313486.354227 053.9
1418313486.804252 053.9
1418313487.254000 053.9
1418313487.704102 053.9
1418313502.553711 053.4
1418313503.003586 053.4
1418313522.803143 052.8
1418313523.253024 052.8
1418313523.703109 052.8
1418313524.153038 052.7
1418313524.602936 052.7
1418313525.052954 052.7
1418313525.503081 052.7
1418313525.952878 052.7
1418313526.402875 052.6
1418313526.852890 052.6
1418313527.302647 052.6
1418313527.752940 052.6
1418313528.203348 052.6
1418313528.652949 052.6
1418313529.102807 052.5
1418313529.552753 052.5
1418313546.651892 052.0
1418313551.602842 051.8
1418313552.051893 051.8
1418313552.501971 051.8
1418313552.951939 051.8
1418313553.402016 051.8
1418313553.851762 051.7
1418313554.301892 051.7
1418313562.851392 051.5
1418313563.302194 051.5
1418313563.752766 051.5
1418313564.201421 051.5
1418313566.451442 051.4
1418313568.701358 051.4
1418313569.151138 051.4
1418313569.601189 051.4
1418313570.051263 051.3
1418313577.700720 051.1
1418313578.150894 051.1
1418313578.600918 051.1
1418313579.050840 051.1
1418313583.551034 050.9
1418313584.000987 050.9
1418313584.451216 050.9
1418313584.901109 050.9
1418313585.350973 050.8
1418313585.801081 050.8
1418313586.250962 050.8
1418313596.600623 050.5
1418313597.050589 050.5
1418313597.500575 050.5
1418313597.950382 050.4
1418313598.401197 050.4
1418313598.850491 050.4
1418313599.300551 050.4
1418313599.750488 050.4
1418313600.200434 050.4
1418313604.250525 050.3
1418313604.700331 050.3
1418313605.150259 050.3
1418313605.600253 050.3
1418313606.050123 050.3
1418313606.500269 050.3
1418313606.950195 050.2
1418313607.400054 050.2
1418313607.850121 050.2
1418313613.700077 050.2
1418313614.150150 050.0
1418313614.599991 050.0
1418313615.049983 050.0
1418313620.899918 049.8
1418313621.349704 049.8
1418313621.800393 049.8
1418313622.249742 049.8
1418313622.699448 049.8
1418313623.149599 049.7
1418313623.599599 049.8
1418313634.399065 049.5
1418313634.849053 049.5
1418313635.299244 049.4
1418313638.899094 049.3
1418313639.348823 049.3
1418313639.798914 049.3
1418313640.248832 049.3
1418313640.698900 049.3
1418313641.148722 049.2
1418313641.598812 049.2
1418313642.048739 049.2
1418313642.498852 049.2
1418313642.948710 049.2
1418313643.398741 049.2
1418313643.848613 049.2
1418313644.298488 049.2
1418313644.749151 049.2
1418313645.199800 049.2
1418313645.649055 049.2
1418313646.098975 049.2
1418313646.548984 049.1
1418313646.998920 049.1
1418313647.448868 049.1
1418313661.848014 048.7
1418313662.298456 048.7
1418313662.748383 048.7
1418313663.198299 048.7
1418313663.648168 048.7
1418313664.098274 048.7
1418313664.548137 048.7
1418313664.998444 048.7
1418313665.448194 048.7
1418313665.898150 048.7
1418313666.348222 048.6
1418313666.798127 048.6
1418313667.248012 048.6
1418313673.997599 048.4
1418313674.447648 048.4
1418313674.897624 048.4
1418313675.347694 048.4
1418313675.797655 048.3
1418313676.247518 048.3
1418313676.697998 048.3
1418313683.897487 048.1
1418313684.347465 048.1
1418313684.797400 048.1
1418313685.247446 048.1
1418313685.697258 048.0
1418313686.147412 048.0
1418313686.597439 048.0
1418313687.047457 048.0
1418313687.497351 048.0
1418313687.947238 048.0
1418313688.397335 048.0
1418313688.847332 048.0
1418313689.297241 048.0
1418313689.747233 048.0
1418313690.197101 047.9
1418313690.647103 047.9
1418313691.097183 047.9
1418313700.546867 047.7
1418313700.996735 047.7
1418313701.446835 047.7
1418313701.896856 047.7
1418313702.346678 047.7
1418313702.796733 047.7
1418313703.246844 047.6
1418313703.697338 047.6
1418313704.146710 047.6
1418313704.596672 047.6
1418313705.046550 047.6
1418313705.496588 047.6
1418313705.946396 047.6
1418313706.396683 047.6
1418313706.846531 047.6
1418313707.296699 047.6
1418313707.746489 047.5
1418313708.196627 047.6
1418313708.646480 047.5
1418313715.397503 047.3
1418313715.846631 047.3
1418313716.296682 047.3
1418313716.746688 047.3
1418313717.196576 047.3
1418313717.646605 047.2
1418313718.096397 047.2
1418313718.546365 047.2
1418313718.996522 047.2
1418313719.446519 047.2
1418313719.896545 047.2
1418313720.346344 047.2
1418313720.796240 047.2
1418313721.246257 047.2
1418313721.696266 047.2
1418313722.146318 047.2
1418313722.596325 047.2
1418313723.046240 047.2
1418313723.496029 047.1
1418313723.946367 047.1
1418313724.396188 047.1
1418313724.846110 047.1
1418313735.195919 047.1
1418313735.645797 046.8
1418313736.095766 046.8
1418313736.545762 046.8
1418313736.995745 046.8
1418313748.245239 046.5
1418313748.695146 046.5
1418313749.145167 046.5
1418313749.595042 046.5
1418313750.045207 046.5
1418313750.495746 046.5
1418313750.945078 046.5
1418313751.395043 046.5
1418313751.844961 046.5
1418313752.294834 046.5
1418313774.794496 046.0
1418313775.244413 045.9
1418313775.694422 045.9
1418313776.144291 045.9
1418313776.594131 045.9
1418313777.044371 045.9
1418313777.494214 045.9
1418313777.944262 045.9
1418313778.394236 045.9
1418313778.844239 045.8
1418313779.294050 045.8
1418313795.043923 045.5
1418313795.493807 045.5
1418313795.946035 045.5
1418313796.393708 045.5
1418313796.843786 045.5
1418313797.294372 045.5
1418313813.492959 045.1
1418313813.943010 045.1
1418313814.392918 045.1
1418313814.842808 045.1
1418313815.293162 045.1
1418313815.743138 045.1
1418313816.192956 045.0
1418313816.643009 045.0
1418313817.092994 045.0
1418313817.543088 045.0
1418313817.992955 045.0
1418313818.443068 045.0
1418313818.892838 045.0
1418313819.342750 045.0
1418313825.192613 044.9
1418313825.642543 044.9
1418313826.092627 044.9
1418313837.791837 044.6
1418313838.241893 044.6
1418313838.692386 044.6
1418313839.142312 044.6
1418313839.592172 044.6
1418313840.042165 044.5
1418313840.492875 044.5
1418313840.942016 044.5
1418313841.391944 044.5
1418313841.841995 044.5
1418313842.292148 044.5
1418313842.741916 044.5
1418313843.191891 044.5
1418313845.441860 044.4
1418313845.891864 044.4
1418313846.341813 044.4
1418313850.841732 044.3
1418313858.041185 044.3
1418313858.491600 044.1
1418313858.941324 044.2
1418313859.391657 044.1
1418313859.841322 044.1
1418313860.291494 044.1
1418313860.741402 044.1
1418313861.191296 044.1
1418313861.641406 044.1
1418313862.091241 044.1
1418313862.541293 044.1
1418313862.991163 044.1
1418313863.441163 044.1
1418313863.891159 044.1
1418313864.341112 044.1
1418313864.791215 044.0
1418313865.241140 044.0
1418313865.691199 044.0
1418313866.141192 044.0
1418313866.591176 044.0
1418313867.041153 044.0
1418313867.491580 043.9
1418313867.940939 043.9
1418313868.391275 043.9
1418313868.841033 043.9
1418313869.291151 043.9
1418313869.741008 043.9
1418313883.241063 043.7
1418313883.691077 043.6
1418313884.140939 043.6
1418313884.590960 043.6
1418313885.041124 043.6
1418313885.490900 043.6
1418313885.940977 043.6
1418313886.390998 043.6
1418313886.840879 043.6
1418313887.291092 043.6
1418313887.740844 043.5
1418313888.190775 043.5
1418313888.640585 043.5
1418313889.090845 043.5
1418313889.540828 043.5
1418313889.990834 043.5
1418313890.440559 043.5
1418313890.891413 043.5
1418313891.340559 043.5
1418313891.790591 043.5
1418313892.240627 043.5
1418313892.690618 043.4
1418313898.540438 043.3
1418313898.990356 043.3
1418313899.440233 043.3
1418313907.090013 043.1
1418313907.540072 043.1
1418313907.990052 043.1
1418313908.439961 043.1
1418313916.539753 043.0
1418313916.989627 043.0
1418313917.439721 043.0
1418313917.889600 042.9
1418313944.438690 042.4
1418313944.888795 042.4
1418313945.338847 042.4
1418313945.788659 042.4
1418313946.238658 042.4
1418313946.688621 042.4
1418313947.138610 042.4
1418313947.588484 042.4
1418313948.038556 042.4
1418313948.488556 042.4
1418313951.638645 042.3
1418313952.088661 042.3
1418313952.538474 042.3
1418313952.988479 042.3
1418313953.438456 042.3
1418313953.888526 042.3
1418313954.338377 042.3
1418313954.788405 042.3
1418313955.238299 042.2
1418313960.188165 042.1
1418313960.638033 042.1
1418313961.089058 042.1
1418313961.538107 042.1
1418313961.987960 042.1
1418313962.440011 042.1
1418313962.887860 042.1
1418313963.338155 042.1
1418313963.788225 042.1
1418313964.238035 042.1
1418313964.697220 042.1
1418313965.138009 042.0
1418313965.587950 042.0
1418313966.037905 042.0
1418313970.087696 041.9
1418313970.537726 041.9
1418313970.987572 041.9
1418313981.337764 041.7
1418313981.787596 041.7
1418313982.237544 041.7
1418313982.687497 041.7
1418313983.137439 041.7
1418313983.587443 041.7
1418313984.037565 041.7
1418313984.488046 041.7
1418313984.937390 041.7
1418313985.387365 041.7
1418313985.837413 041.7
1418313986.287234 041.7
1418313986.739195 041.7
1418313987.187440 041.6
1418313987.637415 041.6
1418313988.087363 041.6
1418313988.537204 041.6
1418313997.986887 041.5
1418313998.438068 041.4
1418313998.886887 041.5
1418313999.336731 041.4
1418313999.786950 041.4
1418314000.236605 041.4
1418314000.687018 041.4
1418314006.536593 041.3
1418314006.986605 041.3
1418314007.436522 041.3
1418314007.887327 041.2
1418314008.336538 041.2
1418314016.436296 041.2
1418314016.886184 041.2
1418314017.336186 041.1
1418314017.786116 041.1
1418314018.236155 041.1
1418314018.686087 041.1
1418314019.136165 041.1
1418314019.586630 041.1
1418314020.036025 041.1
1418314020.485895 041.1
1418314032.635713 040.9
1418314033.085599 040.9
1418314033.535626 040.9
1418314033.985745 040.8
1418314039.385512 040.9
1418314039.835577 040.7
1418314040.285577 040.7
1418314040.735560 040.7
1418314041.185433 040.7
1418314041.635423 040.7
1418314042.085344 040.7
1418314042.535272 040.7
1418314046.585281 040.6
1418314047.035014 040.6
1418314047.485244 040.6
1418314047.934990 040.6
1418314052.884894 040.5
1418314053.334752 040.5
1418314053.784778 040.5
1418314054.234957 040.5
1418314054.544556 0.000
