1418309925.686640355 30
1418310033.520437118 33
1418310131.373038296 36
1418310228.981557141 39
1418310326.788280945 42
1418310424.590390873 45
1418310522.360457718 48
1418310620.322279188 51
1418310718.499768825 54
1418310816.461304378 57
1418310914.327227181 60
1418311012.398783943 63
1418311110.521132496 66
1418311208.464748341 69
1418311306.833119353 72
1418311404.943293157 75
1418311502.858077543 78
1418311601.000882597 81
1418311699.024425108 84
1418311797.206533203 87
1418311895.300061548 90
1418311993.451453852 93
1418312091.355494488 96
1418312189.271361417 99
1418312287.491225678 102
1418312386.603922440 105
1418312484.874190577 108
1418312582.908125047 111
1418312582.922393464 0
